vetMaiorP
19
20
19
18
18
20
19
19
19
19
19
20
19
19
19
19
18
19
19
19
18
18
19
18
18
19
20
19
18
20

vetMenosP
14
14
14
14
14
14
14
14
14
14
14
14
14
14
14
13
14
14
14
14
14
14
14
14
14
14
14
14
14
14

vetDif
5
6
5
4
4
6
5
5
5
5
5
6
5
5
5
6
4
5
5
5
4
4
5
4
4
5
6
5
4
6

DifNoRepeat
0
5
6
4
4

DifOcorrencia
0
16
6
8
1

tempoIn
62
62
62
62
62
62
62
62
78
62
78
78
78
78
78
78
78
93
78
62
62
93
46
78
93
62
62
78
93
78

tempoBusc
0
0
0
0
0
0
0
0
0
0
0
0
0
0
0
0
0
0
0
0
0
0
0
0
0
0
0
0
0
0

Tempo total: 2160
