vetMaiorP
16
16
15
15
15
15
15
15
16
15
16
16
16
16
16
15
15
15
16
16
16
16
15
15
15
15
16
15
15
16

vetMenosP
15
15
15
14
15
15
15
15
15
15
15
15
15
15
15
15
15
15
15
15
15
15
15
15
15
15
15
15
15
15

vetDif
1
1
0
1
0
0
0
0
1
0
1
1
1
1
1
0
0
0
1
1
1
1
0
0
0
0
1
0
0
1

DifNoRepeat
0
1

DifOcorrencia
15
15

tempoIn
41562
15484
41203
37906
37000
37375
38859
39296
32765
34062
36984
36656
36250
37515
35265
40687
34671
34546
34734
33843
34859
34984
32500
34265
27484
33593
33875
32500
34421
37703

tempoBusc
0
0
0
0
0
0
0
0
0
0
0
0
0
0
0
0
0
0
0
0
0
0
0
0
0
0
0
0
0
0

Tempo total: 1052847
