vetMaiorP
1079
1095
1085
1086
1104
1079
1111
1087
1110
1079
1105
1080
1112
1086
1095
1081
1094
1097
1082
1088
1092
1078
1090
1075
1095
1098
1085
1097
1076
1072

vetMenosP
3
3
2
3
2
4
1
3
3
2
1
3
3
2
2
2
2
4
3
2
2
2
3
3
3
3
3
3
2
2

vetDif
1076
1092
1083
1083
1102
1075
1110
1084
1107
1077
1104
1077
1109
1084
1093
1079
1092
1093
1079
1086
1090
1076
1087
1072
1092
1095
1082
1094
1074
1070

DifNoRepeat
    0
    1076
    1092
    1083
    1083
    1102
    1075
    1110
    1084
    1107
    1077
    1104
    1109
    1093
    1079
    1079
    1086
    1090
    1087
    1072
    1095
    1082
    1094
    1074
    1070

DifOcorrencia
0
2
3
2
1
1
1
1
2
1
2
1
1
2
2
1
1
1
1
1
1
1
1
1
1

tempoIn
843
906
859
1000
843
828
828
859
828
843
843
828
828
843
1031
953
843
859
843
828
890
906
828
843
828
812
828
828
828
828

tempoBusc
0
0
0
0
0
0
0
0
0
0
0
0
0
0
0
0
0
0
0
0
0
0
0
0
0
0
0
0
0
0

Tempo total: 25755
