vetMaiorP
347
341
345
349
350
374
356
346
346
361
355
350
350
363
359
350
353
351
353
341
350
346
360
350
341
354
347
359
353
367

vetMenosP
3
3
3
2
1
4
2
3
3
3
2
2
1
1
1
2
2
1
3
2
3
2
2
4
3
2
2
3
2
4

vetDif
344
338
342
347
349
370
354
343
343
358
353
348
349
362
358
348
351
350
350
339
347
344
358
346
338
352
345
356
351
363

DifNoRepeat
0
344
338
342
347
349
370
354
343
343
358
353
348
362
351
350
350
339
346
352
345
356
363

DifOcorrencia
0
2
2
1
2
2
1
1
2
1
3
1
2
1
2
2
1
1
1
1
1
1
1

tempoIn
62
62
62
62
78
62
62
78
78
78
62
62
78
62
62
93
93
109
125
78
62
78
78
62
78
93
78
93
93
109

tempoBusc
0
0
0
0
0
0
0
0
0
0
0
0
0
0
0
0
0
0
0
0
0
0
0
0
0
0
0
0
0
0

Tempo total: 2332
