vetMaiorP
3147
3127
3163
3123
3133
3151
3154
3128
3178
3098
3146
3174
3136
3144
3162
3165
3111
3189
3280
3111
3150
3127
3210
3119
3137
3140
3171
3138
3153
3176

vetMenosP
2
1
3
2
2
2
2
3
4
3
1
1
2
4
2
1
2
3
3
2
1
1
2
2
1
3
3
3
1
1

vetDif
3145
3126
3160
3121
3131
3149
3152
3125
3174
3095
3145
3173
3134
3140
3160
3164
3109
3186
3277
3109
3149
3126
3208
3117
3136
3137
3168
3135
3152
3175

DifNoRepeat
0
3145
3126
3160
3121
3131
3149
3152
3125
3174
3095
3173
3134
3140
3164
3109
3186
3277
3208
3117
3136
3137
3168
3135
3175

DifOcorrencia
0
2
2
2
1
1
2
2
1
1
1
1
1
1
1
2
1
1
1
1
1
1
1
1
1

tempoIn
18015
14796
18203
17609
19828
17031
18421
17812
18312
17421
16656
15000
15265
19453
16406
16093
16921
16734
16109
17265
17375
16187
16156
16281
16062
16171
15906
15546
17406
15140

tempoBusc
0
0
0
0
0
0
0
0
0
0
0
0
0
0
0
0
0
0
0
0
0
0
0
0
0
0
0
0
0
0

Tempo total: 505580
